1772760057.509459
1772760059.944709
1772760060.028759
1772760060.111049
1772760060.182479
1772760060.254749
1772766297.030419
1772969322.857909
1772969439.455949
1772969945.450439
1772970126.529129
1772971603.216439
1772973090.927249
1773039180.956319
1773039190.187379
1773039495.044739
1773039600.620429
1773215862.097209
1773219697.135909
1773220968.307609
1773220989.208569
1773220993.496519
1773221007.611949
1773221012.427459
1773221018.966489
1773221033.500599
1773226347.673869
1773275262.407109
1773293336.453429
1773296331.271379
1773297160.439669
1773297561.322329
1773362800.200419
1773617924.788139
1773624625.938359
1773711401.303619
1773714018.159479
1773722697.567249
1773723846.212329
