1771994948.881479
1771994951.712359
1771994951.833329
1771994951.933269
1771994952.008669
1771994952.086989
1771995035.338079
1771995035.445219
1771995063.563519
1771995070.803149
1771995076.879469
1771995115.991649
1771995197.616039
1771995203.824369
1771995261.974889
1771995559.762829
1771995981.243229
1771996231.810109
1771997294.297539
1771997466.265119
1772499369.746939
1772499454.831019
1772499710.665779
1772511449.650679
1772601720.681649
1772602050.736399
1772602305.466849
1772602794.169159
1772603123.800849
1772603269.244399
1772603329.667149
1772603352.396269
1772603482.347619
1772685488.930569
1772774669.289109
1772791885.556649
1772793967.088579
1772794147.638939
1773019540.914979
1773623860.015889
1773729220.643869
1773737881.276479
1773874537.900279
1773881720.136779
