1771907257.648349
1771907261.310379
1771907261.399189
1771907261.468869
1771907261.534469
1771907261.600599
1771907292.743299
1771907431.201169
1771907431.229089
1771907471.565789
1771907471.642879
1771907471.717389
1771907471.803469
1771907471.891039
1771907772.003279
1771907772.107949
1771907793.708769
1771907810.890749
1771907817.246939
1771907827.771729
1771907843.567819
1771907860.264289
1771907890.842679
1771907934.251099
1771907997.375789
1771908009.976379
1771909608.632739
1771909663.603379
1771909694.875209
1771909733.310369
1771909986.170599
1771977292.034029
1771977349.757899
1771981588.824229
1771981694.731019
1771982045.887279
1771997622.069229
1771999512.500139
1772011833.413639
1772014983.488919
1772015840.430579
1772082407.499109
1772082933.677829
1772159346.769519
1772498250.552079
1772589544.244289
1772601297.989819
1772611909.489609
1772615201.445639
1772615802.541149
1772670850.647099
1772671925.880389
1772672066.859469
1772685438.114739
1772686304.037409
1772690454.286219
1772775640.213539
1773024069.049929
1773031919.089319
1773032098.266849
1773042465.259449
1773042618.185989
1773194651.545329
1773623862.251139
1773808317.789239
