1771847222.210459
1771847225.123009
1771847225.206099
1771847225.284529
1771847225.367909
1771847225.455039
1771847261.732369
1771847357.555339
1771847389.765719
1771847424.945119
1771848546.041529
1771848575.377219
1771848597.865569
1771907317.603219
1771921545.155549
1771921904.801279
1771922007.501019
1771922700.676559
1771926925.503569
1771929018.174059
1771929092.288899
1771929740.852849
1771934510.365669
1771987419.811919
1771988043.121599
1771995052.799839
1771997571.805789
1772008296.392059
1772099464.223759
1772786623.733159
1773218779.896659
1773226345.462179
1773227232.596029
1773275261.519699
1773277838.459599
1773279293.997979
1773362799.334159
1773388929.290769
1773624623.486169
