1772775173.367219
1772775183.686899
1772775183.772689
1772775183.854039
1772775183.936029
1772775184.028769
1772775193.496229
1773211052.709679
1773211064.787599
1773213282.780709
1773226336.337889
1773230172.946299
1773236734.249029
1773237332.507919
1773275259.848719
1773280361.382789
1773281075.182389
1773292249.536059
1773362797.610769
1773382583.472599
1773617903.113309
1773624618.882429
1773643195.696449
1773733962.012259
1773749168.251139
1773791345.168239
1773880180.639019
1773882379.920439
