1769045152.042849
1769045165.322259
1769045165.428209
1769045165.519959
1769045169.623959
1769045412.933019
1769045540.259619
1769051450.241169
1769055637.917039
1769063914.394019
1769063988.847409
1769064031.502579
1769066631.021729
1769476992.293709
1769515083.247279
1769515409.618639
1769579978.140599
1769673994.923439
1769679268.612979
1769679547.811119
1769680257.213059
1769680274.782769
1769680299.660029
1769680376.137379
1769680387.156189
1769680434.309459
1769680459.589389
1769680471.285799
1769680492.113639
1769680499.073349
1769680509.565529
1769680521.147319
1769680568.048889
1769680576.255339
1769680612.570839
1769680684.134209
1769680686.321469
1769680732.439289
1769680742.143299
1769681239.410849
1769683752.415729
1769737335.915739
1769737360.316949
1769737619.897309
1769737644.794849
1769737669.713079
1769738338.308269
1769998878.873139
1770007548.461669
1770017460.919849
1770028100.005119
1770028127.355019
1770109558.404179
1770173773.714679
1770182884.911949
1770199615.284119
1770201354.592809
1770201427.314779
1770201944.340359
1770201968.113409
1770201972.908119
1770201982.211249
1770201993.085569
1770202002.360939
1770202014.651969
1770202017.046279
1770202026.467619
1770202027.872169
1770202029.602759
1770202126.245749
1770202127.451739
1770208404.418869
1770222080.818549
1770252774.541879
1770252786.974669
1770258049.226369
1770281266.809089
1770287451.777769
1770386552.192879
1770386576.620779
1770387402.175029
1770564468.059059
1770603756.665419
1770714906.550989
1771557198.064249
1771830434.976229
1771830449.234839
1771830495.810299
1771830587.159179
1771834280.078739
1771834876.362339
1771900088.671149
1771905472.751799
1772674738.913929
1772674880.670089
1773226343.177069
1773275260.695099
1773362798.467939
1773624621.864829
