1771835192.888479
1771835209.324429
1771978672.532439
1771978672.624219
1771978672.703739
1771978672.786429
1771978672.868959
1771978732.442169
1771986128.972019
1771986519.992469
1771999417.608359
1771999473.755009
1772095207.197359
1772433811.641859
1772610735.159999
1772635554.298829
1772764666.653979
1772780773.584299
1772798634.192589
1772798681.061849
1772798690.141059
1772798693.545909
1772798708.294509
1772798717.118679
1772798733.648869
1772801157.143369
1772802305.951959
1772808158.667999
1772808180.882649
1772808195.867169
1772808214.162729
1772808671.757159
1772808728.034539
1772849407.845179
1772849431.364739
1772850858.203599
1772850868.098839
1772850913.120899
1772856968.486029
1772857710.200849
1772857715.158659
1772857778.593829
1772859030.250599
1772864978.424419
1772889580.786069
1772892363.067299
1772892364.833869
1772892388.974639
1772892593.523889
1772894032.929619
1772934777.342729
1772935229.728029
1772935987.157349
1772937295.300959
1773108452.553409
1773108465.944679
1773121461.547419
1773215829.910409
1773217690.501189
1773226340.990669
1773228940.852749
1773275258.172979
1773317541.653649
1773317561.397179
1773362795.851719
1773617913.962159
1773624609.359409
1773738933.162239
1773748571.404279
1773749166.585179
1773812846.128339
1773813876.037109
1773824371.232629
