1771995471.208149
1771995473.644409
1771995473.749589
1771995473.851359
1771995473.939279
1771995474.021149
1771995507.491889
1771998207.618229
1771998252.161619
1771999311.904979
1772013530.658109
1772013575.999449
1772019253.348209
1772089175.611689
1772089203.727859
1772089254.612939
1772089307.997089
1772089846.446299
1772090485.615299
1772168961.377869
1772180778.415239
1772336666.993639
1772337902.013669
1772339130.718719
1772339863.556809
1772358200.233809
1772626991.392849
1773041456.169359
1773213732.202569
1773217317.813689
1773226338.879009
1773275263.225359
1773362801.053809
1773393763.861509
1773624628.617019
